

[38;2;78;168;255m [38;2;79;167;255m█[38;2;81;166;255m█[38;2;82;165;255m█[38;2;83;165;255m█[38;2;85;164;255m█[38;2;86;163;255m█[38;2;87;162;255m█[38;2;89;161;255m█[38;2;90;160;255m╗[38;2;91;159;255m [38;2;93;158;255m█[38;2;94;158;255m█[38;2;95;157;255m█[38;2;97;156;255m█[38;2;98;155;255m█[38;2;99;154;255m█[38;2;101;153;255m█[38;2;102;152;255m╗[38;2;103;152;255m [38;2;104;151;255m█[38;2;106;150;255m█[38;2;107;149;255m█[38;2;108;148;255m█[38;2;110;147;255m█[38;2;111;146;255m█[38;2;112;146;255m╗[38;2;114;145;255m [38;2;115;144;255m [38;2;116;143;255m█[38;2;118;142;255m█[38;2;119;141;255m╗[38;2;120;140;255m [38;2;122;139;255m [38;2;123;139;255m [38;2;124;138;255m█[38;2;126;137;255m█[38;2;127;136;255m╗[39m
[38;2;78;168;255m [38;2;79;167;255m╚[38;2;81;166;255m═[38;2;82;165;255m═[38;2;83;165;255m█[38;2;85;164;255m█[38;2;86;163;255m╔[38;2;87;162;255m═[38;2;89;161;255m═[38;2;90;160;255m╝[38;2;91;159;255m [38;2;93;158;255m█[38;2;94;158;255m█[38;2;95;157;255m╔[38;2;97;156;255m═[38;2;98;155;255m═[38;2;99;154;255m═[38;2;101;153;255m═[38;2;102;152;255m╝[38;2;103;152;255m [38;2;104;151;255m█[38;2;106;150;255m█[38;2;107;149;255m╔[38;2;108;148;255m═[38;2;110;147;255m═[38;2;111;146;255m█[38;2;112;146;255m█[38;2;114;145;255m╗[38;2;115;144;255m [38;2;116;143;255m╚[38;2;118;142;255m█[38;2;119;141;255m█[38;2;120;140;255m╗[38;2;122;139;255m [38;2;123;139;255m█[38;2;124;138;255m█[38;2;126;137;255m╔[38;2;127;136;255m╝[39m
[38;2;78;168;255m [38;2;79;167;255m [38;2;81;166;255m [38;2;82;165;255m [38;2;83;165;255m█[38;2;85;164;255m█[38;2;86;163;255m║[38;2;87;162;255m [38;2;89;161;255m [38;2;90;160;255m [38;2;91;159;255m [38;2;93;158;255m█[38;2;94;158;255m█[38;2;95;157;255m█[38;2;97;156;255m█[38;2;98;155;255m█[38;2;99;154;255m█[38;2;101;153;255m█[38;2;102;152;255m╗[38;2;103;152;255m [38;2;104;151;255m█[38;2;106;150;255m█[38;2;107;149;255m█[38;2;108;148;255m█[38;2;110;147;255m█[38;2;111;146;255m█[38;2;112;146;255m╔[38;2;114;145;255m╝[38;2;115;144;255m [38;2;116;143;255m [38;2;118;142;255m╚[38;2;119;141;255m█[38;2;120;140;255m█[38;2;122;139;255m█[38;2;123;139;255m█[38;2;124;138;255m╔[38;2;126;137;255m╝[38;2;127;136;255m [39m
[38;2;78;168;255m [38;2;79;167;255m [38;2;81;166;255m [38;2;82;165;255m [38;2;83;165;255m█[38;2;85;164;255m█[38;2;86;163;255m║[38;2;87;162;255m [38;2;89;161;255m [38;2;90;160;255m [38;2;91;159;255m [38;2;93;158;255m╚[38;2;94;158;255m═[38;2;95;157;255m═[38;2;97;156;255m═[38;2;98;155;255m═[38;2;99;154;255m█[38;2;101;153;255m█[38;2;102;152;255m║[38;2;103;152;255m [38;2;104;151;255m█[38;2;106;150;255m█[38;2;107;149;255m╔[38;2;108;148;255m═[38;2;110;147;255m═[38;2;111;146;255m═[38;2;112;146;255m╝[38;2;114;145;255m [38;2;115;144;255m [38;2;116;143;255m [38;2;118;142;255m [38;2;119;141;255m╚[38;2;120;140;255m█[38;2;122;139;255m█[38;2;123;139;255m╔[38;2;124;138;255m╝[38;2;126;137;255m [38;2;127;136;255m [39m
[38;2;78;168;255m [38;2;79;167;255m [38;2;81;166;255m [38;2;82;165;255m [38;2;83;165;255m█[38;2;85;164;255m█[38;2;86;163;255m║[38;2;87;162;255m [38;2;89;161;255m [38;2;90;160;255m [38;2;91;159;255m [38;2;93;158;255m█[38;2;94;158;255m█[38;2;95;157;255m█[38;2;97;156;255m█[38;2;98;155;255m█[38;2;99;154;255m█[38;2;101;153;255m█[38;2;102;152;255m║[38;2;103;152;255m [38;2;104;151;255m█[38;2;106;150;255m█[38;2;107;149;255m║[38;2;108;148;255m [38;2;110;147;255m [38;2;111;146;255m [38;2;112;146;255m [38;2;114;145;255m [38;2;115;144;255m [38;2;116;143;255m [38;2;118;142;255m [38;2;119;141;255m [38;2;120;140;255m█[38;2;122;139;255m█[38;2;123;139;255m║[38;2;124;138;255m [38;2;126;137;255m [38;2;127;136;255m [39m
[38;2;78;168;255m [38;2;79;167;255m [38;2;81;166;255m [38;2;82;165;255m [38;2;83;165;255m╚[38;2;85;164;255m═[38;2;86;163;255m╝[38;2;87;162;255m [38;2;89;161;255m [38;2;90;160;255m [38;2;91;159;255m [38;2;93;158;255m╚[38;2;94;158;255m═[38;2;95;157;255m═[38;2;97;156;255m═[38;2;98;155;255m═[38;2;99;154;255m═[38;2;101;153;255m═[38;2;102;152;255m╝[38;2;103;152;255m [38;2;104;151;255m╚[38;2;106;150;255m═[38;2;107;149;255m╝[38;2;108;148;255m [38;2;110;147;255m [38;2;111;146;255m [38;2;112;146;255m [38;2;114;145;255m [38;2;115;144;255m [38;2;116;143;255m [38;2;118;142;255m [38;2;119;141;255m [38;2;120;140;255m╚[38;2;122;139;255m═[38;2;123;139;255m╝[38;2;124;138;255m [38;2;126;137;255m [38;2;127;136;255m [39m


